0001380877
0001942611
000184749X
0001955837
0001026038
0000015393
0001837664
0000095699
0002116138
0001913093
0002103818
0002152460
0002154781
0002156660
0002117274
0002115352
0002164639
0002161621
0002164248
0002176203
0002169525
0001527355
0002166674
0002175312
000218706X
0002154390
0002184702
0002163292
0002211297
0002213311
0002218879
0002233568
0002231026
0002243644
0002236540
0002245833
0002240432
0002231875
000224053X
0002217325
0002446405
0002311240
0002338114
0002237814
0002318733
0002444763
0002322528
0002318350
0002712199
0002614154
0002711184
000382909X
0003801055
0003002241
0003273091
0003708861
0004332466
0004342836
0004706927
0004127919
0004330781
0004356470
0004702743
0005088682
0005371171
0005067871
0005044642
0005099382
0005819415
0006124925
0006131786
0006140882
0006153852
0006142060
0006151604
0006177824
0006166083
0006173527
0006126898
0006269893
0006165753
0006255450
0006166598
0006274196
0006177379
0006254195
0006269567
0006141188
0006343171
0006345123
0006268331
0006365582
000627952X
0006365078
000636506X
0006278531
0006372708
0006377157
0006381340
0006381294
000633833X
0006382614
0006381030
0006394639
0006392830
000638465X
0006479650
0006480012
0006481531
0006541216
0006542158
0006542247
0006517587
0006544517
000671787X
0006750508
0006750516
0006541844
0006733271
0006705006
000672583X
0006707394
0006743730
0006862306
0006922341
0006726909
0006917801
000691554X
0006726372
0006929311
0006932436
0006931758
0006750710
0006941834
0006921493
0006920950
0006931928
0006931863
0006936989
0006940137
0007173075
0007212739
0007252838
0007261985
0007414021
0007459947
0007600704
0007724713
0007718667
000765202X
0007821948
0007823983
0012103888
0007777736
0014024853
0020096305
0020097603
0020094507
0020188307
0020281501
0020286902
0020185103
0020418604
0020532709
0020697600
0020755708
0020813503
002087300X
0020419708
0020972008
0020842708
0020735901
002146040X
0021323801
002149987X
0021493227
0021807914
0021854823
0021948194
0021920079
0021816727
0021970246
0022437088
0021987572
0022749276
0022004963
0022781226
0022442375
0022801367
0022447253
002280093X
0021932247
0022749004
0022850163
002284113X
0023052503
0023099658
0023100702
0023138203
0023191805
002326330X
0023386452
0022800905
0023020601
0023299304
0023612908
0023616814
0023379901
0023785101
0023762101
0023797517
0024025003
0024045306
0024153303
0025022008
0025032305
0024972606
0025059505
0025069098
0025226002
0025239708
0025372904
002526110X
0025220802
0025482505
0025689207
0025403915
0025516906
0025885901
0025975900
0025628909
0026021803
0026071002
0026155907
0026301628
0026365758
0026412764
0026355043
0026427125
0026203308
0026742438
0026365928
0026747324
0026680718
0026685914
0026633515
0026743256
0026884070
0026884127
002705800X
0027074900
0027061809
0026998106
0026880105
002719020X
0027305503
0027210502
0027363554
0027459004
0027591204
0027654109
0027696502
0027654702
0027670503
002736271X
0027457605
0027750604
0027866505
0027780600
0027756602
002777886X
0027925005
0027927105
0028028554
0027893901
0028018893
0028521609
0028418905
0028308123
0028314905
0028330641
0028305302
002864204X
0028659783
0028646835
0028652207
002865160X
0028660234
002864736X
0028716108
002871430X
002865692X
0028716906
0028810821
0028741226
002910100X
0029131723
0029146402
0029147956
002925390X
0029274303
0029279100
0029253918
002933120X
0029749808
0029408008
0029357101
0030013267
0030031621
0030056039
0030030382
0030004780
0030138116
0030141117
0030144264
0030166810
0030147565
0030170818
0030171865
0030174864
003017841X
0030171768
0030188911
0030186110
003017404X
0030188717
0030206618
0030174295
0030246318
0030237106
0030227585
0030256763
0030227623
0030252385
0030263387
0030267412
0030181666
0030267676
003022294X
0030352754
0030360951
0030315670
0030356512
0030386888
0030386225
0030407168
0030352401
0030360900
003046207X
0030477964
0030490510
0030474957
0030487366
